16 tips and 31 nodes in total

Using Forward Algorithm:

0 cuts (1 rates): 17: 159.05927557347337142
1 cuts (2 rates): 4: 155.93952342651132881
2 cuts (3 rates): 29: 151.59458405404808445
3 cuts (4 rates): 9: 150.60880092610676684
4 cuts (5 rates): 5: 149.41694294961433798
5 cuts (6 rates): 6: 149.54167072644457903
6 cuts (7 rates): 21: 149.40459807695071959
7 cuts (8 rates): 20: 145.2897823219928739
8 cuts (9 rates): 3: 144.51719359975308521
9 cuts (10 rates): 18: 144.6306968127116761
10 cuts (11 rates): 24: 144.9142388043467804
11 cuts (12 rates): 23: 139.67066513921810156
12 cuts (13 rates): 8: 138.77225202213236344
13 cuts (14 rates): 26: 138.75693361094482725
14 cuts (15 rates): 22: 134.42792801700565519
15 cuts (16 rates): 13: 135.03995098945188147
16 cuts (17 rates): 30: 134.33884593314832046
17 cuts (18 rates): 15: 134.66721765394100885
18 cuts (19 rates): 16: 135.16932239950395456
19 cuts (20 rates): 19: 135.90756618615699836
20 cuts (21 rates): 25: 136.95108416280757524
21 cuts (22 rates): 28: 138.25506553242720997
22 cuts (23 rates): 12: 138.92677924478158502
23 cuts (24 rates): 10: 139.73618612694130547
24 cuts (25 rates): 27: 140.36816420128661775
25 cuts (26 rates): 14: 142.22481713925395752
26 cuts (27 rates): 11: 144.11347626792678511
27 cuts (28 rates): 2: 146.0021353965996127
28 cuts (29 rates): 31: 148.0021353965996127
29 cuts (30 rates): 7: 150.0021353965996127
[17, 4, 29, 9, 5, 6, 21, 20, 3, 18, 24, 23, 8, 26, 22, 13, 30] is the 17 partition array with the minimum AIC value: 134.33884593314832046

Using Backward Algorithm:

29 cuts (30 rates): None: 150.0021353965996127
28 cuts (29 rates): 31: 148.0021353965996127
27 cuts (28 rates): 7: 146.0021353965996127
26 cuts (27 rates): 23: 144.0021353965996127
25 cuts (26 rates): 11: 142.11347626792678511
24 cuts (25 rates): 2: 140.22481713925398594
23 cuts (24 rates): 14: 138.36816420128661775
22 cuts (23 rates): 4: 136.90035858906870203
21 cuts (22 rates): 1: 135.64924794352253912
20 cuts (21 rates): 25: 134.60572996687193381
19 cuts (20 rates): 28: 133.86748618021891843
18 cuts (19 rates): 12: 132.18467139958914913
17 cuts (18 rates): 16: 131.68256665402623184
16 cuts (17 rates): 15: 131.35419493323351503
15 cuts (16 rates): 19: 131.54724324582090844
14 cuts (15 rates): 27: 131.88616340867019971
13 cuts (14 rates): 10: 130.55122177462465061
12 cuts (13 rates): 29: 130.75560947871844064
11 cuts (12 rates): 30: 130.05737786823033275
10 cuts (11 rates): 13: 130.27899657299511205
9 cuts (10 rates): 3: 131.05158529523490074
8 cuts (9 rates): 8: 131.94999841232066728
7 cuts (8 rates): 9: 134.05396484753310915
6 cuts (7 rates): 20: 138.04183895844153085
5 cuts (6 rates): 21: 143.63374923898743418
4 cuts (5 rates): 5: 145.49552042869950697
3 cuts (4 rates): 24: 157.6273543667904562
2 cuts (3 rates): 22: 157.25260159592301079
1 cuts (2 rates): 6: 157.42902830721050123
0 cuts (1 rates): 26: 159.05927557347337142
[3, 5, 8, 9, 6, 13, 24, 17, 20, 22, 26, 21] is the 12 partition array with the minimum AIC value: 130.05737786823033275

Using Bruteforce Algorithm:

[17] 159.05927557347337142
[17, 4] 155.93952342651132881
[17, 29, 4] 151.59458405404808445
[17, 20, 21, 5] 147.35973415544597742
[17, 29, 20, 21, 5] 144.8857282369855568
[17, 19, 26, 23, 21, 5] 140.51731318339756172
[17, 19, 26, 24, 6, 21, 5] 134.418653667699175
[17, 19, 26, 24, 9, 6, 21, 5] 132.31468723248670472
[17, 19, 22, 26, 24, 9, 6, 21, 5] 130.22808224235876651
[17, 19, 22, 26, 24, 9, 8, 6, 21, 5] 129.32966912527302838
[17, 19, 22, 26, 13, 24, 9, 8, 6, 21, 5] 129.10805042050827751
[17, 19, 22, 26, 30, 13, 24, 9, 8, 6, 21, 5] 129.80628203099632856
[17, 19, 22, 26, 29, 30, 13, 24, 9, 8, 6, 21, 5] 129.60189432690253852
[17, 19, 22, 26, 29, 15, 30, 13, 24, 9, 8, 6, 21, 5] 129.93026604769528376
[17, 19, 22, 26, 29, 30, 13, 24, 9, 8, 6, 20, 21, 5, 3] 130.3581734620372572
[17, 19, 22, 26, 29, 15, 30, 13, 24, 9, 8, 6, 20, 21, 5, 3] 130.68654518282994559
[17, 19, 22, 26, 29, 16, 15, 30, 13, 24, 9, 8, 6, 20, 21, 5, 3] 131.1886499283928913
[17, 19, 22, 26, 27, 29, 15, 30, 13, 10, 24, 9, 8, 6, 20, 21, 5, 3] 131.68256665402623184
[17, 19, 22, 26, 27, 29, 16, 15, 30, 13, 10, 24, 9, 8, 6, 20, 21, 5, 3] 132.18467139958914913
[17, 19, 22, 26, 27, 29, 16, 15, 30, 13, 10, 24, 25, 9, 8, 6, 20, 21, 5, 3] 133.22818937623975444
[17, 19, 22, 26, 27, 29, 16, 15, 30, 13, 10, 24, 25, 9, 8, 6, 20, 21, 5, 3, 1] 134.47930002178591735
[17, 19, 22, 26, 27, 28, 29, 16, 15, 30, 13, 12, 10, 24, 25, 9, 8, 6, 20, 21, 5, 3] 135.64924794352253912
[17, 19, 22, 26, 27, 28, 29, 16, 15, 30, 13, 12, 10, 24, 25, 9, 8, 6, 20, 21, 5, 3, 1] 136.90035858906870203
[17, 19, 22, 26, 27, 28, 29, 16, 15, 30, 13, 12, 10, 24, 25, 9, 8, 6, 20, 21, 5, 4, 3, 1] 138.36816420128661775
[17, 19, 22, 26, 27, 28, 29, 16, 15, 30, 14, 13, 12, 10, 24, 25, 9, 8, 6, 20, 21, 5, 4, 3, 1] 140.22481713925398594
[17, 19, 22, 26, 27, 28, 29, 16, 15, 30, 14, 13, 12, 11, 10, 24, 25, 9, 8, 6, 20, 21, 5, 4, 3, 1] 142.11347626792678511
[17, 19, 22, 26, 27, 28, 29, 16, 15, 30, 14, 13, 12, 11, 10, 24, 25, 9, 8, 6, 20, 21, 5, 4, 3, 2, 1] 144.0021353965996127
[17, 19, 22, 26, 27, 28, 29, 31, 16, 15, 30, 14, 13, 12, 11, 10, 24, 25, 9, 8, 6, 20, 21, 5, 4, 3, 2, 1] 146.0021353965996127
[17, 19, 22, 26, 27, 28, 29, 31, 16, 15, 30, 14, 13, 12, 11, 10, 23, 24, 25, 9, 8, 6, 20, 21, 5, 4, 3, 2, 1] 148.0021353965996127

Among all the possible combinations in total,
[17, 19, 22, 26, 13, 24, 9, 8, 6, 21, 5] is the 11 partition array with the minimum AIC value: 129.10805042050827751

Total time elapsed running 3 algorithms is: 2268.772769